Specimen	Sex	Chinese Ancestry	kg	C-R curved	R humeral max	R femoral max	R Radial max	R tibial max	Note						
29999	F	0.25	9.3	507.1	153.17	181.65	155.01	166.04							
30797	F	0.125	8.49	531.6	156.21	179.04	154.7	166.48							
31603	F	0.75	7.35	514.4	152.38	174.42	139.6	155.81							
31692	F	0.75	7.7	531.7	147.33	165.06	144.37	152.57							
32200	F	0.13	8.5	531.6	150.25	173.47	148.2	156.72							
32208	M	0.25	14.8	547.5	155.13	181.25	150.23	168.25							
32277	F	0.25	7	503	149.23	168.87	145.73	159.18							
32397	M	0.625	14.85	589.8	170.3	202.44	169.9	182.37							
32977	M	0.5	17.3	575.8	165.17	191.28	157.06	175.48							
33422	F	0.25	8.87	537.7	158.5	172.22	145.8	163.02							
33428	F	0.375	11.44	549.8	145.97	172.44	140.45	156.52	Left tibia used						
33792	F	0.13	10.8	529	158.37	182.37	154.6	166.7							
34993	F	0.125	10.09	495.5	148.57	173.56	145.88	162.99							
35560	F	0.125	10.75	502.4	147.95	170.72	140.04	159.75							
35602	F	0.25	5.93	489.9	139.83	156.34	134.23	147.14							
35761	F	0.5	10.93	498.1	144.85	171.02	148.42	156.68							
35837	M	0	11.53	532.9	169.89	196.99	162.38	182.64							
35840	F	0.125	9.45	516.7	153.57	176.92	151.74	169.49							
36384	F	0.25	6.6	520.8	149.04	172.58	149.33	161.58							
36496	M	0.125	16.02	553.4	168	196.36	160.74	172.88							
36720	F	0.375	9.42	520	145.56	166.87	143.44	156.06							
36819	F	0.375	10.87	516.2	144.01	165.8	138.23	155.55							
37085	F	0.125	11.15	523.4	152.12	171.25	142.72	157.18							
37163	F	0.625	12.58	503.9	148.52	166.54	141.48	149.66							
37166	F	0.125	8.42	510.9	147.72	169.64	137.6	155.56							
37177	F	0	9.53	507.7	143.62	161.14	140.69	151.71							
37214	F	0.125	9.9	509	137.07	163.4	133.83	147.06							
37266	F	0.125	9.66	519.9	151.08	177.09	145.96	166.1							
37345	M	0.25	13.26	551.7	164.69	194.52	159.19	173.19							
37410	F	0.875	7.12	481.1	138.58	152.24	131.1	140.13							
37414	F	0.5	6.77	476	143.54	166.67	133.61	152.15							
37447	F	0.125	11.78	526.8	146.07	174.66	141.42	157.52							
37452	M	0.25	18.6	553.3	157.54	189.83	159.68	177.13	Left radius used						
37477	F	1	5.3	503.1	134.94	151.99	134.2	135.1							
37538	F	0.125	11.34	527.7	150.07	173.84	139.22	157.12							
37585	F	0.625	7.57	487.3	137.98	158.68	127.91	144.15							
37599	F	0.375	5.53	485.5	142.54	162.16	138.43	148.05							
37652	F	0.125	15.83	549.3	155.99	180.92	152.56	166.84							
37687	F	0.125	7.38	518.7	152.61	172.69	141.44	164.07							
37748	F	0.125	8.9	511.2	154.03	179.34	150.57	166.58							
37861	F	0.125	7.2	487.4	143.11	169.28	135.74	147.12							
37896	F	0.125	9.49	510.6	139.5	163.26	132.66	146.32							
38037	F	0.125	10.83	503.6	139.92	166.34	135.53	151.29							
38120	F	0.375	7.43	524	147.49	173.09	145.08	159.37							
38219	M	0.5	14.95	532.4	161.8	188.68	157.74	172.07							
38252	F	0.125	11.18	502.8	142.98	169.62	136.57	153.71							
38328	F	0.125	15.21	528	158.31	180.45	149.33	164.7							
38341	F	0.125	7.66	520.7	148.43	164.26	132.85	149.71							
38465	F	0.25	9.5	507.9	151.77	170.23	145.28	156.87							
38752	M	0.125	11.84	554.6	175.45	197.23	169.17	183.21							
38982	M	0.25	8.96	511	158.68	183.21	156.25	164.98							
39026	F	0.125	7.26	478.8	131.3	161.74	137.53	144.96							
39242	F	0.125	7.39	492.1	143.26	162.35	143.38	154.7							
39374	F	0.25	7.91	492.9	139.01	165.11	133.06	151.71							
39481	F	0.25	9.41	505.9	154.43	180.74	152.4	171.21							
39512	M	0.125	9.58	514.1	161.76	196.68	153.31	172.58							
39612	F	0.38	7	494	146.62	172.76	140.38	157.14							
39650	M	0.25	11.45	529.2	161.86	185.8	154.05	170.04							
39847	F	0.375	7.36	514.3	145.73	171.81	148.4	163.97							
39971	M	0.125	11.9	540.2	168.63	194.63	160.15	175.26							
40000	M	0.125	11.21	540.4	162.43	185.62	158.9	171.41							
40021	F	0.25	7.33	474.3	145.26	167.12	141.79	150.52							
40099	M	0.25	11.69	512.3	166.83	198.65	167.22	178.11							
40109	F	0.25	6.39	506.7	147.8	169.82	145.49	158.32							
40202	M	0.375	10.88	517.4	160.83	189.19	157.73	167.48							
40243	F	0.25	5.18	479.6	144.34	169.47	140.69	154.88							
40446	M	0.125	10.93	543.7	157.49	186.88	147.25	167.61							
40458	F	0.5	5.84	466.5	136.61	155.51	130.69	142.42							
41251	F	0.25	6.4	507.2	148.95	171.49	147.82	161.63							
41255	M	0.625	9.6	522.1	166.15	192.56	158.75	176.73							
31538	M	0.125	10.57	517.3	156.15	189.06	157.02	172.54							
33899	F	0.125	9.34	542.3	156.88	182.43	150.56	163.35							
33915	F	0.125	8.36	493.4	157.15	183.17	148.17	164.38							
34839	F	0.375	9.73	573.4	152.53	180.45	151.98	165.25							
34880	M	0.125	12.61	564.7	164.39	191.95	158.29	174.8							
34884	M	0.125	16.58	569.2	170.55	202.6	167.82	187.07							
36122	F	0	8.44	520.8	145.75	168.4	139.23	153.55							
36312	F	0.125	9.75	512.7	146.78	168.4	143.15	159.7							
36422	M	0.125	19.76	573.9	165.37	196.18	155.59	177.16							
37420	F	0.125	9.62	504.1	153.65	181.8	148.02	165.4							
37443	M	0.125	12.01	592.9	177.33	208.16	169.91	189.25							
37568	M	0.125	9.03	553.9	157.95	190.12	142.39	166.46							
38361	F	0.5	6.94	486.8	142.99	162.22	136.34	148.43							
37644	F	0.75	5.24	479.8	140.26	155.92	136.64	144.3							
38699	F	0.125	12.65	522.1	151.99	173.3	144.49	157.19							
38735	F	0.375	7.81	519.7	155.37	176.06	144.89	163.77							
39577	F	0.25	12.99	527.4	149.94	172.87	141.95	158.62							
40809	F	0.125	8.38	516.3	144.76	165.58	146.12	153.94							
41026	M	0.125	9.88	565.3	165.75	202.04	158.56	181.66							
41066	M	0.375	9.88	562.6	157.58	183.8	157.1	174.09							
41252	F	0.25	7.86	502.4	142.58	163.75	140.56	155.78							
42687	F	0.375	5.14	497.2	146.39	166.41	140.45	155.54							
46127	M	1	11.88	609.9	181.34	205.35	168.89	187.99							
46128	M	1	13.72	560.4	172.53	202.68	172.14	184.79							
46132	F	1	5.4	526.9	143.46	159.29	136.27	149.69							
46133	F	1	6.3	493.2	152.44	169.72	141.25	158							
46134	F	1	6.4	494.9	155.02	171.56	148.66	160.58							
46135	F	1	7	526.8	159.84	189.3	164.04	177.57							
46136	M	1	12.57	582.8	187.77	217.33	186.67	199.28							
46137	M	1	12.96	573.8	181.37	214.48	178.26	196.31							
46769	F	1	11.07	527.5	153.66	178.66	154.76	164.29							
32663	F	0.75	9.94	478.8	140.26	155.23	132.77	142.19							
33199	F	0.5	7.37	517.5	148.25	167.56	147.62	154.82							
46770	F	1	12.1	579.4	155.76	180.38	158.83	167.24							
33077	M	0.25	11.63	596.8	170.61	201.1	165.06	185.76							
32107	F	0.25	10.79	532.3	141.31	160.1	132.12	150.32							
32114	F	0	8.95	547.6	144.96	170.58	138.34	155.86							
32636	F	0.75	7.98	503.2	143.76	164.8	148.97	156.15							
34453	F	1	8.35	529.6	150.44	176.17	144.87	158.53							
32394	F	0.375	11.1	552.1	150.58	179.1	150.84	160.26							
31459	F	0.375	9.04	516.1	152.57	174.18	149.29	164.66							
34123	F	1	7.11	540.6	156.02	169.58	148.99	162.03							
35122	F	0.625	10.28	541.2	148.68	170.29	147.32	160.42							
39696	M	0.125	19.2	586.3	165.18	198.14	156.23	173.5							
33734	M	0.375	14.91	564	172.3	198.98	161.44	182.46							
37175	M	0.125	17.62	579.9	163.96	191.76	155.6	177.66							
41165	M	0.25	10.76	549.9	166.76	199.63	165.13	181.36							
31775	F	0.75	9.51	516.6	136.83	153.6	136.39	143.32							
31761	F	0.75	6.83	515.5	139.61	157.56	134.34	146.5							
39584	M	0	13.52	600	155.07	182.35	147.19	164.24							
39272	M	0	20.4	577	168.63	198.98	154.96	177.29							
40223	M	0	22.35	603.1	170.2	201.21	165.77	183.95							
42401	M	0	16.7	566.1	174.46	205.06	170.76	183.81							
42272	M	0	10.81	574.6	159.66	192.18	161.56	174.18							
42384	M	0	11.85	606.3	174.67	205.46	170.36	188.54							
40769	M	0	20.97	604	154.73	186.85	152.18	167.76							
37161	F	0	11.09	513.7	146.42	170.21	138.82	162.56							
39869	F	0	7.64	522.2	150.42	172.53	143.36	162.18							
40730	F	0	10.17	542.9	141.68	167.97	142.26	155.73							
39107	F	0	11.35	517	139.88	161.3	132.29	153.07							
37292	F	0	13.36	560.9	159.22	183.16	149.74	167.94							
38756	F	0	5.84	489	128.74	154.97	127.65	140.23							
38529	F	0	11.33	499.5	152.01	173.25	147.21	167.35							
36879	F	0	12.36	492.4	137.9	163.61	127.88	144.99							
															
															
															
															
															
															
															
															
															
															
															
															
															
															
															
															
															
															
															
															
															
															
															
															
															
															
															
															
															
															
															
															
															
															
															
															
															
															
															
															
															
															
															
															
															
															
															
															
															
															
															
															
															
															
															
															
															
															
															
															
															
															
															
															
															
															
															
															
															
															
															
															
															
															
															
															
															
															
															
															
															
															
															
															
															
															
															
															
															
															
															
															
															
															
															
															
															
															
															
															
															
															
															
															
															
															
															
															
															
															
															
															
															
															
															
															
															
															
															
															
															
															
															
															
															
															
															
															
															
															
															
															
															
															
															
															
															
															
															
															
															
															
															
															
															
															
															
															
															
															
															
															
															
															
															
															
															
															
															
															
															
															
															
															
															
															
															
															
															
															
															
															
															
															
															
															
															
															
															
															
															
															
															
															
															
															
															
															
															
															
															
															
															
															
															
															
															
															
															
															
															
															
															
															
															
															
															
															
															
															
															
															
															
															
															
															
															
															
															
															
															
															
															
															
															
															
															
															
															
															
															
															
															
															
															
															
															
															
															
															
															
															
															
															
															
															
															
															
															
															
															
															
															
															
															
															
															
															
															
															
															
															
															
															
															
															
															
															
															
															
															
															
															
															
															
															
															
															
															
															
															
															
															
															
															
															
															
															
															
															
															
															
															
															
															
															
															
															
															
															
															
															
															
															
															
															
															
															
															
															
															
															
															
															
															
															
															
															
															
															
															
															
															
															
															
															
															
															
															
															
															
															
															
															
															
															
															
															
															
															
															
															
															
															
															
															
															
															
															
															
															
															
															
															
															
															
															
															
															
															
															
															
															
															
															
															
															
															
															
															
															
															
															
															
															
															
															
															
															
															
															
															
															
															
															
															
															
															
															
															
															
															
															
															
															
															
															
															
															
															
															
															
															
															
															
															
															
															
															
															
															
															
															
															
															
															
															
															
															
															
															
															
															
															
															
															
															
															
															
															
															
															
															
															
															
															
															
															
															
															
															
															
															
															
															
															
															
															
															
															
															
															
															
															
															
															
															
															
															
															
															
															
															
															
															
															
															
															
															
															
															
															
															
															
															
															
															
															
															
															
															
															
															
															
															
															
															
															
															
															
															
															
															
															
															
															
															
															
															
															
															
															
															
															
															
															
															
															
															
															
															
															
															
															
															
															
															
															
															
															
															
															
															
															
															
															
															
															
															
															
															
															
															
															
															
															
															
															
															
															
															
															
															
															
															
															
															
															
															
															
															
															
															
															
															
															
															
															
															
															
															
															
															
															
															
															
															
															
															
															
															
															
															
															
															
															
															
															
															
															
															
															
															
															
															
															
															
															
															
															
															
															
															
															
															
															
															
															
															
															
															
															
															
															
															
															
															
															
															
															
															
															
															
															
															
															
															
															
															
															
															
															
															
															
															
															
															
															
															
															
															
															
															
															
															
															
															
															
															
															
															
															
															
															
															
															
															
															
															
															
															
															
															
															
															
															
															
															
															
															
															
															
															
															
															
															
															
															
															
															
															
															
															
															
															
															
															
															
															
															
															
															
															
															
															
															
															
															
															
															
															
															
															
															
															
															
															
															
															
															
															
															
															
															
															
															
															
															
															
															
															
															
															
															
															
															
															
															
															
															
															
															
															
															
															
															
															
															
															
															
															
															
															
															
															
															
															
															
															
															
															
															
															
															
															
															
															
															
															
															
															
															
															
															
															
															
															
															
															
															
															
															
															
															
															
															
															
															
															
															
															
															
															
															
															
															
															
															
															
															
															
															
															
															
															
															
															
															
															
															
															
															
															
															
															
															
															
															
															
